Case 1

 253  40
 123  23

Case 2

  10  10  20  20
  10  10  20  20
  41  42  30  30
  43  44  30  30

Case 3

 255 255  30  30
 255 255  28  28
  40  40 140 140
  41  42 140 140

Case 4

   0

Case 5

  10

Case 6

  27 102
  27 210

Case 7

  27 102
  27 210

Case 8

  16  15  14  13
  12  11  10   9
   8   7   6   5
   4   3   2   1

Case 9

   0   1   2   3
   4   5   6   7
   8   9  10  11
  12  13  14  15

Case 10

  78  78  20  20
  78  78  20  20
  47  47  47  47
  47  47  23  43

Case 11

  96  82  82  82  82  82  82  96
  82  82  82  96  42  96  82  82
  82   1   1   1  96  82  42  82
  82   1  82  82  96  96  42  82
  82  42   1  82  96  42  82  82
  82  82   1   1  82  82  96  82
  96  42  82  42  42  96  42  96
  82  42  42  42  42   1   1   1

Case 12

  95 161 136 136 136 136 161 161 136 136 136 136 161 161 136   7
 246 246 240 240 246 246 240 240 246 190 190 190 161 240 240 136
 246 161   7 233 190 190   7 164 161 164 246 161 190 161 161 243
 190 161  95   7   7   7 246   7 161  95 161 164 161 164  95 136
 161 164 246 136 240 136   7 161 161  95 161 161 164 233 164 164
 136 233 161 164 190 164  95 246 136 233 243 246 246 136 233 164
 164 164 243 243 243 243   7 164 164 243 246 243 190 161 164 161
  95 136 246 246  95 161 243 164 136 161 233 164 161 240   7  95
   7 233 136 190 246 246 233 164   7 243 164 161 164  95 243  95
  95 233 136 164 243 136  95 136 136 246 240 161  95  95 240 233
  95 246 161 164 243 161  95 164   7   7 136 164 164 240 243 233
 190 243 136 240 240 240 243  95 243 161  95  95 190   7 161 136
 161 161 164 164 136 136 164  95 164 164 161 161 136 233   7 136
 246  95  95 136 136 136 164  95  95  95  95 136 164   7 136  95
 190  95 164 164 164 136  95  95  95 164  95  95 164  95 164 243
 246 243 243 243 136 243 243 243 136 243 243 243 136 243 136 246
