2
1
10 1
2 5
2
4
4
10 15 20 17
0 3 4 3
1 2 3
4
4
10 15 50 30 
0 3 4 3
1 2 3
2
1
24 42
2 40
5
3
1
24 24 4
10 5 4
3 1
25
15
59 84 39 73 15 84 7 11 63 17 18 49 65 55 19 88 89 68 75 56 69 25 58 89 77
18 32 15 66 2 25 5 5 39 4 7 32 7 8 11 15 0 42 41 31 29 14 32 20 24
1 1 2 2 2 1 1 2 1 2 1 2 1 2 2 1 2 1 1 1 1 1 2 2
24
12
51 42 35 62 13 16 31 21 55 11 3 72 67 99 51 64 88 46 83 14 31 15 37 50
20 10 29 22 3 1 27 9 20 8 1 7 55 93 48 30 54 46 50 1 5 5 4 33
2 2 2 1 1 1 2 2 1 1 2 1 1 1 2 1 2 1 1 2 1 1 2
10
16
68 23 36 95 25 83 77 16 71 5
1 11 17 20 16 73 39 13 57 5
41 86 98 59 39 30 57 12 3
25
13
84 16 30 3 42 50 87 78 32 15 32 6 82 52 14 59 46 50 23 35 44 39 100 64 62
6 5 4 0 12 40 6 5 18 12 0 0 76 19 12 6 34 45 12 1 24 13 46 27 44
25 50 66 48 30 72 84 27 41 44 88 18 43 27 49 98 5 21 39 96 97 20 65 94
8
14
96 31 11 23 83 8 73 19
25 3 10 11 19 4 10 19
89 53 42 70 43 1 74
0
