12
2
4
1 3
2 2
3 0
4 1
4
1 23
2 123
3 253
4 40
4
16
5 8
6 9
7 13
8 12
9 0
10 4
11 1
12 5
13 2
14 3
15 7
16 6
17 10
18 11
19 15
20 14
7
2 10
3 20
4 30
5 41
6 42
7 44
8 43
4
16
5 8
6 9
7 13
8 12
9 0
10 4
11 1
12 5
13 2
14 3
15 7
16 6
17 10
18 11
19 15
20 14
10
2 255
4 140
5 40
6 40
7 42
8 41
13 30
14 30
15 28
16 28
1
1
0 0
1
0 0
1
1
0 0
1
0 10
2
4
1 3
2 1
3 2
4 0
4
1 210
2 102
3 27
4 27
2
4
1 3
2 0
3 2
4 1
4
1 210
2 27
3 27
4 102
4
16
5 9
6 12
7 8
8 13
9 7
10 2
11 3
12 6
13 0
14 5
15 1
16 4
17 15
18 14
19 10
20 11
16
5 7
6 4
7 8
8 3
9 9
10 14
11 13
12 10
13 16
14 11
15 15
16 12
17 1
18 2
19 6
20 5
4
16
5 11
6 14
7 15
8 10
9 6
10 3
11 7
12 2
13 12
14 8
15 9
16 13
17 5
18 0
19 1
20 4
16
5 11
6 14
7 15
8 10
9 6
10 3
11 7
12 2
13 12
14 8
15 9
16 13
17 5
18 0
19 1
20 4
4
16
5 7
6 2
7 3
8 6
9 4
10 0
11 1
12 5
13 8
14 9
15 12
16 13
17 11
18 10
19 14
20 15
7
1 20
2 78
3 47
17 47
18 47
19 23
20 43
8
64
21 53
22 60
23 52
24 61
25 39
26 47
27 38
28 46
29 44
30 36
31 37
32 45
33 55
34 54
35 62
36 63
37 56
38 57
39 48
40 49
41 58
42 51
43 50
44 59
45 41
46 33
47 32
48 40
49 43
50 34
51 35
52 42
53 19
54 18
55 26
56 27
57 3
58 11
59 2
60 10
61 8
62 0
63 1
64 9
65 17
66 24
67 16
68 25
69 31
70 30
71 22
72 23
73 4
74 13
75 5
76 12
77 6
78 14
79 7
80 15
81 20
82 21
83 28
84 29
64
21 96
22 42
23 42
24 1
25 82
26 82
27 82
28 96
29 82
30 96
31 42
32 82
33 96
34 42
35 1
36 1
37 82
38 42
39 96
40 42
41 42
42 42
43 82
44 42
45 82
46 42
47 82
48 82
49 1
50 1
51 82
52 1
53 1
54 1
55 82
56 82
57 82
58 96
59 82
60 82
61 82
62 96
63 82
64 82
65 1
66 82
67 82
68 1
69 82
70 42
71 42
72 82
73 82
74 96
75 82
76 42
77 82
78 82
79 96
80 82
81 96
82 82
83 96
84 96
16
256
85 95
86 78
87 79
88 94
89 92
90 76
91 77
92 93
93 108
94 109
95 124
96 125
97 111
98 110
99 126
100 127
101 40
102 41
103 56
104 57
105 24
106 8
107 9
108 25
109 27
110 10
111 11
112 26
113 43
114 42
115 58
116 59
117 47
118 46
119 62
120 63
121 28
122 12
123 13
124 29
125 31
126 14
127 15
128 30
129 44
130 45
131 60
132 61
133 88
134 72
135 73
136 89
137 91
138 74
139 75
140 90
141 104
142 105
143 120
144 121
145 107
146 106
147 122
148 123
149 80
150 64
151 65
152 81
153 83
154 66
155 67
156 82
157 96
158 97
159 112
160 113
161 99
162 98
163 114
164 115
165 32
166 33
167 48
168 49
169 16
170 0
171 1
172 17
173 19
174 2
175 3
176 18
177 35
178 34
179 50
180 51
181 39
182 38
183 54
184 55
185 20
186 4
187 5
188 21
189 23
190 6
191 7
192 22
193 36
194 37
195 52
196 53
197 87
198 70
199 71
200 86
201 84
202 68
203 69
204 85
205 100
206 101
207 116
208 117
209 103
210 102
211 118
212 119
213 160
214 161
215 176
216 177
217 144
218 128
219 129
220 145
221 147
222 130
223 131
224 146
225 163
226 162
227 178
228 179
229 167
230 166
231 182
232 183
233 148
234 132
235 133
236 149
237 151
238 134
239 135
240 150
241 164
242 165
243 180
244 181
245 208
246 192
247 193
248 209
249 211
250 194
251 195
252 210
253 224
254 225
255 240
256 241
257 227
258 226
259 242
260 243
261 215
262 198
263 199
264 214
265 212
266 196
267 197
268 213
269 228
270 229
271 244
272 245
273 231
274 230
275 246
276 247
277 175
278 174
279 190
280 191
281 156
282 140
283 141
284 157
285 159
286 142
287 143
288 158
289 172
290 173
291 188
292 189
293 168
294 169
295 184
296 185
297 152
298 136
299 137
300 153
301 155
302 138
303 139
304 154
305 171
306 170
307 186
308 187
309 216
310 200
311 201
312 217
313 219
314 202
315 203
316 218
317 232
318 233
319 248
320 249
321 235
322 234
323 250
324 251
325 223
326 206
327 207
328 222
329 220
330 204
331 205
332 221
333 236
334 237
335 252
336 253
337 239
338 238
339 254
340 255
253
66 136
85 164
86 164
87 164
88 233
89 246
90 164
91 233
92 136
93 190
94 161
95 161
96 240
97 161
98 164
99 7
100 95
101 161
102 164
103 161
104 95
105 246
106 136
107 136
108 190
109 190
110 136
111 136
112 190
113 161
114 246
115 161
116 164
117 243
118 161
119 95
120 136
121 161
122 161
123 161
124 240
125 136
126 136
127 7
128 240
129 190
130 161
131 161
132 164
133 136
134 161
135 95
136 233
137 246
138 161
139 161
140 243
141 164
142 243
143 136
144 161
145 243
146 246
147 233
148 164
149 136
150 161
151 164
152 233
153 164
154 246
155 136
156 161
157 164
158 164
159 95
160 136
161 243
162 243
163 246
164 246
165 246
166 161
167 190
168 161
169 246
170 95
171 161
172 246
173 240
174 136
175 136
176 240
177 233
178 7
179 95
180 7
181 164
182 7
183 246
184 7
185 246
186 136
187 136
188 246
189 240
190 161
191 161
192 240
193 190
194 190
195 7
196 7
197 246
198 7
199 161
200 95
201 190
202 240
203 136
204 164
205 243
206 243
207 95
208 161
209 164
210 7
211 243
212 164
213 95
214 246
215 190
216 243
217 95
218 7
219 233
220 233
221 164
222 136
223 190
224 136
225 164
226 161
227 136
228 240
229 164
230 95
231 243
232 95
233 243
234 246
235 246
236 136
237 136
238 233
239 164
240 95
241 243
242 161
243 240
244 240
245 246
246 161
247 161
248 95
249 136
250 164
251 164
252 95
253 190
254 95
255 246
256 243
257 164
258 164
259 243
260 243
261 95
262 164
263 95
264 164
269 164
270 136
271 136
272 243
273 95
274 95
275 243
276 243
277 233
278 243
279 161
280 136
281 95
282 164
283 95
284 95
285 233
286 243
287 95
288 240
289 164
290 240
291 190
292 7
293 7
294 7
295 243
296 161
297 136
298 7
299 243
300 246
301 161
302 164
303 161
304 240
305 164
306 136
307 95
308 95
309 95
310 164
311 164
312 95
313 136
314 161
315 161
316 95
317 95
318 164
319 136
320 243
321 95
322 95
323 243
324 243
325 95
326 7
327 136
328 136
329 164
330 136
331 233
332 7
333 164
334 95
335 136
336 243
337 243
338 164
339 136
340 246
